prompt,completion,input_tokens,output_tokens,total_tokens
"–ü—Ä–æ–¥—É–∫—Ç–æ–≤—ã–µ –º–∞–≥–∞–∑–∏–Ω—ã, –ë—Ä—é—Å—Å–µ–ª—å, –º–∞–ª–µ–Ω—å–∫–∏–µ","üåü –ù–æ–≤—ã–π —Å–µ—Ä–≤–∏—Å —ç–ª–µ–∫—Ç—Ä–æ–Ω–Ω–æ–π –∫–æ–º–º–µ—Ä—Ü–∏–∏ —Ç–µ–ø–µ—Ä—å –¥–æ—Å—Ç—É–ø–µ–Ω –¥–ª—è –º–∞–ª–µ–Ω—å–∫–∏—Ö –ø—Ä–æ–¥—É–∫—Ç–æ–≤—ã—Ö –º–∞–≥–∞–∑–∏–Ω–æ–≤ –≤ –ë—Ä—é—Å—Å–µ–ª–µ! –£–≤–µ–ª–∏—á—å—Ç–µ —Å–≤–æ—é –æ–Ω–ª–∞–π–Ω –≤–∏–¥–∏–º–æ—Å—Ç—å, –ø—Ä–∏–≤–ª–µ–∫–∞–π—Ç–µ –Ω–æ–≤—ã—Ö –∫–ª–∏–µ–Ω—Ç–æ–≤ –∏ —É–≤–µ–ª–∏—á–∏–≤–∞–π—Ç–µ –ø—Ä–æ–¥–∞–∂–∏ —Å –ø–æ–º–æ—â—å—é –Ω–∞—à–µ–≥–æ —É–¥–æ–±–Ω–æ–≥–æ —Å–µ—Ä–≤–∏—Å–∞. –ù–µ —É–ø—É—Å—Ç–∏—Ç–µ –≤–æ–∑–º–æ–∂–Ω–æ—Å—Ç—å —Å—Ç–∞—Ç—å –ª–∏–¥–µ—Ä–æ–º –≤ —ç–ª–µ–∫—Ç—Ä–æ–Ω–Ω–æ–π –∫–æ–º–º–µ—Ä—Ü–∏–∏! ‚ú® #—ç–ª–µ–∫—Ç—Ä–æ–Ω–Ω–∞—è–∫–æ–º–º–µ—Ä—Ü–∏—è #–º–∞–≥–∞–∑–∏–Ω—ã #–ë—Ä—é—Å—Å–µ–ª—å #–ø—Ä–æ–¥–∞–∂–∏ üõíüìà",129,167,296
"–ü—Ä–æ–¥—É–∫—Ç–æ–≤—ã–µ –º–∞–≥–∞–∑–∏–Ω—ã, –ë—Ä—é—Å—Å–µ–ª—å, —Å—Ä–µ–¥–Ω–∏–µ","""–£–≤–∞–∂–∞–µ–º—ã–µ –≤–ª–∞–¥–µ–ª—å—Ü—ã –ø—Ä–æ–¥—É–∫—Ç–æ–≤—ã—Ö –º–∞–≥–∞–∑–∏–Ω–æ–≤ –≤ –ë—Ä—é—Å—Å–µ–ª–µ! –ü—Ä–µ–¥—Å—Ç–∞–≤–ª—è–µ–º –≤–∞–º –Ω–æ–≤—ã–π —Å–µ—Ä–≤–∏—Å —ç–ª–µ–∫—Ç—Ä–æ–Ω–Ω–æ–π –∫–æ–º–º–µ—Ä—Ü–∏–∏, –∫–æ—Ç–æ—Ä—ã–π –ø–æ–º–æ–∂–µ—Ç –≤–∞–º —É–≤–µ–ª–∏—á–∏—Ç—å –ø—Ä–æ–¥–∞–∂–∏ –∏ –ø—Ä–∏–≤–ª–µ—á—å –±–æ–ª—å—à–µ –∫–ª–∏–µ–Ω—Ç–æ–≤. –ú—ã –ø—Ä–µ–¥–ª–∞–≥–∞–µ–º —É–¥–æ–±–Ω—É—é –ø–ª–∞—Ç—Ñ–æ—Ä–º—É –¥–ª—è –æ–Ω–ª–∞–π–Ω-–ø—Ä–æ–¥–∞–∂, –∏–Ω–¥–∏–≤–∏–¥—É–∞–ª—å–Ω—ã–µ —Ä–µ—à–µ–Ω–∏—è –¥–ª—è –≤–∞—à–µ–≥–æ –±–∏–∑–Ω–µ—Å–∞ –∏ –ø—Ä–æ—Ñ–µ—Å—Å–∏–æ–Ω–∞–ª—å–Ω—É—é –ø–æ–¥–¥–µ—Ä–∂–∫—É. –ù–∞—á–Ω–∏—Ç–µ –∏—Å–ø–æ–ª—å–∑–æ–≤–∞—Ç—å –Ω–∞—à —Å–µ—Ä–≤–∏—Å –ø—Ä—è–º–æ —Å–µ–π—á–∞—Å –∏ —É–≤–∏–¥–∏—Ç–µ —Ä–µ–∑—É–ª—å—Ç–∞—Ç—ã —É–∂–µ —Å–µ–≥–æ–¥–Ω—è!""",128,164,292
"–ü—Ä–æ–¥—É–∫—Ç–æ–≤—ã–µ –º–∞–≥–∞–∑–∏–Ω—ã, –ë—Ä—é—Å—Å–µ–ª—å, –±–æ–ª—å—à–∏–µ","""–£–≤–µ–ª–∏—á—å—Ç–µ —Å–≤–æ–∏ –ø—Ä–æ–¥–∞–∂–∏ —Å –ø–æ–º–æ—â—å—é –Ω–∞—à–µ–≥–æ –Ω–æ–≤–æ–≥–æ —Å–µ—Ä–≤–∏—Å–∞ —ç–ª–µ–∫—Ç—Ä–æ–Ω–Ω–æ–π –∫–æ–º–º–µ—Ä—Ü–∏–∏! –¢–µ–ø–µ—Ä—å –≤–∞—à –ø—Ä–æ–¥—É–∫—Ç–æ–≤—ã–π –º–∞–≥–∞–∑–∏–Ω –≤ –ë—Ä—é—Å—Å–µ–ª–µ –º–æ–∂–µ—Ç –ø—Ä–∏–≤–ª–µ—á—å –±–æ–ª—å—à–µ –∫–ª–∏–µ–Ω—Ç–æ–≤ –∏ —É–≤–µ–ª–∏—á–∏—Ç—å –ø—Ä–∏–±—ã–ª—å. –ù–µ —É–ø—É—Å—Ç–∏—Ç–µ —à–∞–Ω—Å —Å—Ç–∞—Ç—å –ª–∏–¥–µ—Ä–æ–º —Ä—ã–Ω–∫–∞ —Å –Ω–∞—à–∏–º –∏–Ω–Ω–æ–≤–∞—Ü–∏–æ–Ω–Ω—ã–º —Ä–µ—à–µ–Ω–∏–µ–º. –°–≤—è–∂–∏—Ç–µ—Å—å —Å –Ω–∞–º–∏ —Å–µ–≥–æ–¥–Ω—è, —á—Ç–æ–±—ã —É–∑–Ω–∞—Ç—å –±–æ–ª—å—à–µ!""",127,135,262
"–ü—Ä–æ–¥—É–∫—Ç–æ–≤—ã–µ –º–∞–≥–∞–∑–∏–Ω—ã, –ü–∞—Ä–∏–∂, –º–∞–ª–µ–Ω—å–∫–∏–µ","üõí –ü—Ä–∏–≤–µ—Ç, –º–∞–≥–∞–∑–∏–Ω—ã –ü–∞—Ä–∏–∂–∞! –ì–æ—Ç–æ–≤—ã —É–≤–µ–ª–∏—á–∏—Ç—å —Å–≤–æ–∏ –ø—Ä–æ–¥–∞–∂–∏ –∏ –ø—Ä–∏–≤–ª–µ—á—å –Ω–æ–≤—ã—Ö –∫–ª–∏–µ–Ω—Ç–æ–≤? –ü—Ä–µ–¥—Å—Ç–∞–≤–ª—è–µ–º –≤–∞–º –Ω–æ–≤—ã–π —Å–µ—Ä–≤–∏—Å —ç–ª–µ–∫—Ç—Ä–æ–Ω–Ω–æ–π –∫–æ–º–º–µ—Ä—Ü–∏–∏, –∫–æ—Ç–æ—Ä—ã–π –ø–æ–º–æ–∂–µ—Ç –≤–∞–º —É–¥–æ–±–Ω–æ –ø—Ä–æ–¥–∞–≤–∞—Ç—å —Å–≤–æ–∏ —Ç–æ–≤–∞—Ä—ã –æ–Ω–ª–∞–π–Ω! –£–≤–µ–ª–∏—á—å—Ç–µ —Å–≤–æ—é –≤–∏–¥–∏–º–æ—Å—Ç—å –∏ —É–¥–∏–≤–∏—Ç–µ –∫–ª–∏–µ–Ω—Ç–æ–≤ —É–¥–æ–±—Å—Ç–≤–æ–º –ø–æ–∫—É–ø–æ–∫ –ø—Ä—è–º–æ –∏–∑ –¥–æ–º–∞. –£–∑–Ω–∞–π—Ç–µ –±–æ–ª—å—à–µ —Å–µ–π—á–∞—Å! üöÄ #—ç–ª–µ–∫—Ç—Ä–æ–Ω–Ω–∞—è–∫–æ–º–º–µ—Ä—Ü–∏—è #–ø—Ä–æ–¥–∞–∂–∏–æ–Ω–ª–∞–π–Ω #–º–∞–≥–∞–∑–∏–Ω—ã–ü–∞—Ä–∏–∂–∞",127,174,301
"–ü—Ä–æ–¥—É–∫—Ç–æ–≤—ã–µ –º–∞–≥–∞–∑–∏–Ω—ã, –ü–∞—Ä–∏–∂, —Å—Ä–µ–¥–Ω–∏–µ","üõí –î–æ—Ä–æ–≥–∏–µ –º–∞–≥–∞–∑–∏–Ω—ã –ü–∞—Ä–∏–∂–∞! –£ –≤–∞—Å –µ—Å—Ç—å –æ—Ç–ª–∏—á–Ω–∞—è –≤–æ–∑–º–æ–∂–Ω–æ—Å—Ç—å —É–≤–µ–ª–∏—á–∏—Ç—å –ø—Ä–æ–¥–∞–∂–∏ –∏ –ø—Ä–∏–≤–ª–µ—á—å –Ω–æ–≤—ã—Ö –∫–ª–∏–µ–Ω—Ç–æ–≤ —Å –ø–æ–º–æ—â—å—é –Ω–∞—à–µ–≥–æ –Ω–æ–≤–æ–≥–æ —Å–µ—Ä–≤–∏—Å–∞ —ç–ª–µ–∫—Ç—Ä–æ–Ω–Ω–æ–π –∫–æ–º–º–µ—Ä—Ü–∏–∏. –£–ø—Ä–∞–≤–ª—è–π—Ç–µ –≤–∞—à–∏–º –º–∞–≥–∞–∑–∏–Ω–æ–º –æ–Ω–ª–∞–π–Ω, –ø—Ä–∏–Ω–∏–º–∞–π—Ç–µ –∑–∞–∫–∞–∑—ã –∏ –¥–æ—Å—Ç–∞–≤–ª—è–π—Ç–µ –ø—Ä–æ–¥—É–∫—Ü–∏—é –≤ —É–¥–æ–±–Ω–æ–µ –¥–ª—è –∫–ª–∏–µ–Ω—Ç–æ–≤ –≤—Ä–µ–º—è. –ù–µ —É–ø—É—Å—Ç–∏—Ç–µ —à–∞–Ω—Å —É–ª—É—á—à–∏—Ç—å –≤–∞—à –±–∏–∑–Ω–µ—Å —Å –Ω–∞–º–∏! üõçÔ∏è #—ç–ª–µ–∫—Ç—Ä–æ–Ω–Ω–∞—è–∫–æ–º–º–µ—Ä—Ü–∏—è #–Ω–æ–≤—ã–π—Å–µ—Ä–≤–∏—Å #–ø–∞—Ä–∏–∂—Å–∫–∏–µ–º–∞–≥–∞–∑–∏–Ω—ã",126,171,297
"–ü—Ä–æ–¥—É–∫—Ç–æ–≤—ã–µ –º–∞–≥–∞–∑–∏–Ω—ã, –ü–∞—Ä–∏–∂, –±–æ–ª—å—à–∏–µ","""–£–≤–µ–ª–∏—á—å—Ç–µ —Å–≤–æ–∏ –ø—Ä–æ–¥–∞–∂–∏ —Å –ø–æ–º–æ—â—å—é –Ω–æ–≤–æ–≥–æ —Å–µ—Ä–≤–∏—Å–∞ —ç–ª–µ–∫—Ç—Ä–æ–Ω–Ω–æ–π –∫–æ–º–º–µ—Ä—Ü–∏–∏! –ú—ã –ø—Ä–µ–¥–ª–∞–≥–∞–µ–º –∏–Ω–Ω–æ–≤–∞—Ü–∏–æ–Ω–Ω—ã–µ —Ä–µ—à–µ–Ω–∏—è –¥–ª—è –±–æ–ª—å—à–∏—Ö –ø—Ä–æ–¥—É–∫—Ç–æ–≤—ã—Ö –º–∞–≥–∞–∑–∏–Ω–æ–≤ –≤ –ü–∞—Ä–∏–∂–µ. –£–≤–µ–ª–∏—á—å—Ç–µ —Å–≤–æ—é –æ–Ω–ª–∞–π–Ω –≤–∏–¥–∏–º–æ—Å—Ç—å –∏ –ø—Ä–∏–≤–ª–µ–∫–∞–π—Ç–µ –±–æ–ª—å—à–µ –∫–ª–∏–µ–Ω—Ç–æ–≤ –ø—Ä—è–º–æ —Å–µ–π—á–∞—Å! –°–≤—è–∂–∏—Ç–µ—Å—å —Å –Ω–∞–º–∏ –¥–ª—è –ø–æ–ª—É—á–µ–Ω–∏—è –ø–æ–¥—Ä–æ–±–Ω–æ–π –∏–Ω—Ñ–æ—Ä–º–∞—Ü–∏–∏.""",125,123,248
"–ü—Ä–æ–¥—É–∫—Ç–æ–≤—ã–µ –º–∞–≥–∞–∑–∏–Ω—ã, –ë–µ—Ä–ª–∏–Ω, –º–∞–ª–µ–Ω—å–∫–∏–µ","""–£–≤–∞–∂–∞–µ–º—ã–µ –≤–ª–∞–¥–µ–ª—å—Ü—ã –º–∞–ª–µ–Ω—å–∫–∏—Ö –ø—Ä–æ–¥—É–∫—Ç–æ–≤—ã—Ö –º–∞–≥–∞–∑–∏–Ω–æ–≤ –≤ –ë–µ—Ä–ª–∏–Ω–µ! –ü—Ä–µ–¥—Å—Ç–∞–≤–ª—è–µ–º –≤–∞–º –Ω–æ–≤—ã–π —Å–µ—Ä–≤–∏—Å —ç–ª–µ–∫—Ç—Ä–æ–Ω–Ω–æ–π –∫–æ–º–º–µ—Ä—Ü–∏–∏, –∫–æ—Ç–æ—Ä—ã–π –ø–æ–º–æ–∂–µ—Ç –≤–∞–º —É–≤–µ–ª–∏—á–∏—Ç—å –ø—Ä–æ–¥–∞–∂–∏ –∏ –ø—Ä–∏–≤–ª–µ—á—å –Ω–æ–≤—ã—Ö –∫–ª–∏–µ–Ω—Ç–æ–≤. –ù–∞—á–Ω–∏—Ç–µ –∏—Å–ø–æ–ª—å–∑–æ–≤–∞—Ç—å –µ–≥–æ —Å–µ–≥–æ–¥–Ω—è –∏ —É–≤–∏–¥–∏—Ç–µ —Ä–µ–∑—É–ª—å—Ç–∞—Ç—ã —É–∂–µ –∑–∞–≤—Ç—Ä–∞! –°–≤—è–∂–∏—Ç–µ—Å—å —Å –Ω–∞–º–∏, —á—Ç–æ–±—ã —É–∑–Ω–∞—Ç—å –±–æ–ª—å—à–µ.""",127,120,247
"–ü—Ä–æ–¥—É–∫—Ç–æ–≤—ã–µ –º–∞–≥–∞–∑–∏–Ω—ã, –ë–µ—Ä–ª–∏–Ω, —Å—Ä–µ–¥–Ω–∏–µ","üåü –ù–æ–≤—ã–π —Å–µ—Ä–≤–∏—Å —ç–ª–µ–∫—Ç—Ä–æ–Ω–Ω–æ–π –∫–æ–º–º–µ—Ä—Ü–∏–∏ –¥–ª—è –º–∞–≥–∞–∑–∏–Ω–æ–≤ —É–∂–µ –∑–¥–µ—Å—å! –£–≤–µ–ª–∏—á—å—Ç–µ —Å–≤–æ–∏ –ø—Ä–æ–¥–∞–∂–∏ –∏ –ø—Ä–∏–≤–ª–µ–∫–∞–π—Ç–µ –±–æ–ª—å—à–µ –∫–ª–∏–µ–Ω—Ç–æ–≤ —Å –ø–æ–º–æ—â—å—é –Ω–∞—à–µ–≥–æ —É–¥–æ–±–Ω–æ–≥–æ –∏ —ç—Ñ—Ñ–µ–∫—Ç–∏–≤–Ω–æ–≥–æ —Ä–µ—à–µ–Ω–∏—è. –ü—Ä–æ–¥—É–∫—Ç–æ–≤—ã–µ –º–∞–≥–∞–∑–∏–Ω—ã –≤ –ë–µ—Ä–ª–∏–Ω–µ, –Ω–µ —É–ø—É—Å—Ç–∏—Ç–µ –≤–æ–∑–º–æ–∂–Ω–æ—Å—Ç—å —É–ª—É—á—à–∏—Ç—å —Å–≤–æ–π –±–∏–∑–Ω–µ—Å! –°–≤—è–∂–∏—Ç–µ—Å—å —Å –Ω–∞–º–∏ —Å–µ–≥–æ–¥–Ω—è, —á—Ç–æ–±—ã —É–∑–Ω–∞—Ç—å –±–æ–ª—å—à–µ. üöÄ #ecommerce #–º–∞–≥–∞–∑–∏–Ω—ã #–ë–µ—Ä–ª–∏–Ω #—É–≤–µ–ª–∏—á—å—Ç–µ–ø—Ä–æ–¥–∞–∂–∏",126,163,289
"–ü—Ä–æ–¥—É–∫—Ç–æ–≤—ã–µ –º–∞–≥–∞–∑–∏–Ω—ã, –ë–µ—Ä–ª–∏–Ω, –±–æ–ª—å—à–∏–µ","üåü –ù–æ–≤—ã–π —Å–µ—Ä–≤–∏—Å —ç–ª–µ–∫—Ç—Ä–æ–Ω–Ω–æ–π –∫–æ–º–º–µ—Ä—Ü–∏–∏ –¥–ª—è –ø—Ä–æ–¥—É–∫—Ç–æ–≤—ã—Ö –º–∞–≥–∞–∑–∏–Ω–æ–≤ –≤ –ë–µ—Ä–ª–∏–Ω–µ! –£–≤–µ–ª–∏—á—å—Ç–µ —Å–≤–æ–∏ –ø—Ä–æ–¥–∞–∂–∏ –∏ –ø—Ä–∏–≤–ª–µ–∫–∞–π—Ç–µ –Ω–æ–≤—ã—Ö –∫–ª–∏–µ–Ω—Ç–æ–≤ —Å –ø–æ–º–æ—â—å—é –∏–Ω–Ω–æ–≤–∞—Ü–∏–æ–Ω–Ω—ã—Ö —Ä–µ—à–µ–Ω–∏–π –¥–ª—è –æ–Ω–ª–∞–π–Ω-—Ç–æ—Ä–≥–æ–≤–ª–∏. –£–∑–Ω–∞–π—Ç–µ, –∫–∞–∫ –º—ã –ø–æ–º–æ–∂–µ–º –≤–∞—à–µ–º—É –±–æ–ª—å—à–æ–º—É –º–∞–≥–∞–∑–∏–Ω—É —Å—Ç–∞—Ç—å –ª–∏–¥–µ—Ä–æ–º –Ω–∞ —Ä—ã–Ω–∫–µ! üöÄ #—ç–ª–µ–∫—Ç—Ä–æ–Ω–Ω–∞—è–∫–æ–º–º–µ—Ä—Ü–∏—è #–æ–Ω–ª–∞–π–Ω–ø—Ä–æ–¥–∞–∂–∏ #–ë–µ—Ä–ª–∏–Ω #–∏–Ω–Ω–æ–≤–∞—Ü–∏–∏",125,149,274
"–†–µ—Å—Ç–æ—Ä–∞–Ω—ã, –ë—Ä—é—Å—Å–µ–ª—å, –º–∞–ª–µ–Ω—å–∫–∏–µ","""–£–≤–µ–ª–∏—á—å—Ç–µ –ø—Ä–æ–¥–∞–∂–∏ –∏ –ø—Ä–∏–≤–ª–µ–∫–∏—Ç–µ –Ω–æ–≤—ã—Ö –∫–ª–∏–µ–Ω—Ç–æ–≤ —Å –ø–æ–º–æ—â—å—é –Ω–∞—à–µ–≥–æ –Ω–æ–≤–æ–≥–æ —Å–µ—Ä–≤–∏—Å–∞ —ç–ª–µ–∫—Ç—Ä–æ–Ω–Ω–æ–π –∫–æ–º–º–µ—Ä—Ü–∏–∏! –ü—Ä–æ—Å—Ç–æ—Ç–∞ –∏—Å–ø–æ–ª—å–∑–æ–≤–∞–Ω–∏—è, —ç—Ñ—Ñ–µ–∫—Ç–∏–≤–Ω–æ—Å—Ç—å –∏ —É–¥–æ–±—Å—Ç–≤–æ –¥–ª—è –≤–∞—à–∏—Ö –º–∞–ª–µ–Ω—å–∫–∏—Ö —Ä–µ—Å—Ç–æ—Ä–∞–Ω–æ–≤ –≤ –ë—Ä—é—Å—Å–µ–ª–µ. –ù–µ —É–ø—É—Å—Ç–∏—Ç–µ –≤–æ–∑–º–æ–∂–Ω–æ—Å—Ç—å —É–ª—É—á—à–∏—Ç—å —Å–≤–æ–π –±–∏–∑–Ω–µ—Å —É–∂–µ —Å–µ–≥–æ–¥–Ω—è!""",123,112,235
"–†–µ—Å—Ç–æ—Ä–∞–Ω—ã, –ë—Ä—é—Å—Å–µ–ª—å, —Å—Ä–µ–¥–Ω–∏–µ",üåü –ù–æ–≤—ã–π —Å–µ—Ä–≤–∏—Å —ç–ª–µ–∫—Ç—Ä–æ–Ω–Ω–æ–π –∫–æ–º–º–µ—Ä—Ü–∏–∏ —Ç–µ–ø–µ—Ä—å –¥–æ—Å—Ç—É–ø–µ–Ω –¥–ª—è —Ä–µ—Å—Ç–æ—Ä–∞–Ω–æ–≤ –≤ –ë—Ä—é—Å—Å–µ–ª–µ! –£–≤–µ–ª–∏—á—å—Ç–µ —Å–≤–æ—é –æ–Ω–ª–∞–π–Ω –≤–∏–¥–∏–º–æ—Å—Ç—å –∏ —É–≤–µ–ª–∏—á—å—Ç–µ –ø—Ä–æ–¥–∞–∂–∏ —Å –ø–æ–º–æ—â—å—é –Ω–∞—à–µ–≥–æ —É–¥–æ–±–Ω–æ–≥–æ –∏ —ç—Ñ—Ñ–µ–∫—Ç–∏–≤–Ω–æ–≥–æ –∏–Ω—Å—Ç—Ä—É–º–µ–Ω—Ç–∞. –ü—Ä–∏—Å–æ–µ–¥–∏–Ω—è–π—Ç–µ—Å—å –∫ –Ω–∞–º —Å–µ–≥–æ–¥–Ω—è –∏ –Ω–∞—á–Ω–∏—Ç–µ –ø—Ä–∏–≤–ª–µ–∫–∞—Ç—å –±–æ–ª—å—à–µ –∫–ª–∏–µ–Ω—Ç–æ–≤! üçΩÔ∏èüõí #ecommerce #—Ä–µ—Å—Ç–æ—Ä–∞–Ω—ã #–ë—Ä—é—Å—Å–µ–ª—å #–º–∞—Ä–∫–µ—Ç–∏–Ω–≥,122,149,271
"–†–µ—Å—Ç–æ—Ä–∞–Ω—ã, –ë—Ä—é—Å—Å–µ–ª—å, –±–æ–ª—å—à–∏–µ","""–£–≤–∞–∂–∞–µ–º—ã–µ –≤–ª–∞–¥–µ–ª—å—Ü—ã —Ä–µ—Å—Ç–æ—Ä–∞–Ω–æ–≤ –≤ –ë—Ä—é—Å—Å–µ–ª–µ! –£ –≤–∞—Å –µ—Å—Ç—å —É–Ω–∏–∫–∞–ª—å–Ω–∞—è –≤–æ–∑–º–æ–∂–Ω–æ—Å—Ç—å —É–≤–µ–ª–∏—á–∏—Ç—å –ø—Ä–∏–±—ã–ª—å –∏ —É–ª—É—á—à–∏—Ç—å –æ–±—Å–ª—É–∂–∏–≤–∞–Ω–∏–µ –∫–ª–∏–µ–Ω—Ç–æ–≤ —Å –ø–æ–º–æ—â—å—é –Ω–∞—à–µ–≥–æ –Ω–æ–≤–æ–≥–æ —Å–µ—Ä–≤–∏—Å–∞ —ç–ª–µ–∫—Ç—Ä–æ–Ω–Ω–æ–π –∫–æ–º–º–µ—Ä—Ü–∏–∏. –£–ø—Ä–∞–≤–ª—è–π—Ç–µ –≤–∞—à–∏–º–∏ –∑–∞–∫–∞–∑–∞–º–∏ –æ–Ω–ª–∞–π–Ω, —É–ª—É—á—à–∞–π—Ç–µ —ç—Ñ—Ñ–µ–∫—Ç–∏–≤–Ω–æ—Å—Ç—å —Ä–∞–±–æ—Ç—ã –∏ –ø–æ–≤—ã—à–∞–π—Ç–µ —É–¥–æ–≤–ª–µ—Ç–≤–æ—Ä–µ–Ω–Ω–æ—Å—Ç—å –∫–ª–∏–µ–Ω—Ç–æ–≤. –ü–æ–ø—Ä–æ–±—É–π—Ç–µ —É–∂–µ —Å–µ–≥–æ–¥–Ω—è –∏ —É–≤–∏–¥–∏—Ç–µ —Ä–µ–∑—É–ª—å—Ç–∞—Ç—ã!""",121,147,268
"–†–µ—Å—Ç–æ—Ä–∞–Ω—ã, –ü–∞—Ä–∏–∂, –º–∞–ª–µ–Ω—å–∫–∏–µ","üåü –ù–æ–≤—ã–π —Å–µ—Ä–≤–∏—Å —ç–ª–µ–∫—Ç—Ä–æ–Ω–Ω–æ–π –∫–æ–º–º–µ—Ä—Ü–∏–∏ —Å–ø–µ—Ü–∏–∞–ª—å–Ω–æ –¥–ª—è –º–∞–ª–µ–Ω—å–∫–∏—Ö —Ä–µ—Å—Ç–æ—Ä–∞–Ω–æ–≤ –≤ –ü–∞—Ä–∏–∂–µ! –£–≤–µ–ª–∏—á—å—Ç–µ —Å–≤–æ—é –≤–∏–¥–∏–º–æ—Å—Ç—å –æ–Ω–ª–∞–π–Ω –∏ –ø—Ä–∏–≤–ª–µ–∫–∞–π—Ç–µ –Ω–æ–≤—ã—Ö –∫–ª–∏–µ–Ω—Ç–æ–≤ —Å –ª–µ–≥–∫–æ—Å—Ç—å—é. –£–ø—Ä–∞–≤–ª—è–π—Ç–µ –∑–∞–∫–∞–∑–∞–º–∏, –∞–∫—Ü–∏—è–º–∏ –∏ –ª–æ—è–ª—å–Ω–æ—Å—Ç—å—é –∫–ª–∏–µ–Ω—Ç–æ–≤ –≤ –æ–¥–Ω–æ–º –º–µ—Å—Ç–µ. –ü–æ–ø—Ä–æ–±—É–π—Ç–µ —Å–µ–π—á–∞—Å –∏ —É–≤–∏–¥–∏—Ç–µ —Ä–∞–∑–Ω–∏—Ü—É! üçΩÔ∏èüíª #—ç–ª–µ–∫—Ç—Ä–æ–Ω–Ω–∞—è–∫–æ–º–º–µ—Ä—Ü–∏—è #—Ä–µ—Å—Ç–æ—Ä–∞–Ω—ã #–ü–∞—Ä–∏–∂ #–º–∞–ª–µ–Ω—å–∫–∏–µ–±–∏–∑–Ω–µ—Å—ã",121,160,281
"–†–µ—Å—Ç–æ—Ä–∞–Ω—ã, –ü–∞—Ä–∏–∂, —Å—Ä–µ–¥–Ω–∏–µ",üåü –ù–æ–≤—ã–π —Å–µ—Ä–≤–∏—Å —ç–ª–µ–∫—Ç—Ä–æ–Ω–Ω–æ–π –∫–æ–º–º–µ—Ä—Ü–∏–∏ –¥–ª—è —Ä–µ—Å—Ç–æ—Ä–∞–Ω–æ–≤ –≤ –ü–∞—Ä–∏–∂–µ! –£–≤–µ–ª–∏—á—å—Ç–µ —Å–≤–æ–∏ –ø—Ä–æ–¥–∞–∂–∏ –∏ –ø—Ä–∏–≤–ª–µ–∫–∞–π—Ç–µ –±–æ–ª—å—à–µ –∫–ª–∏–µ–Ω—Ç–æ–≤ —Å –ø–æ–º–æ—â—å—é —É–¥–æ–±–Ω–æ–π –ø–ª–∞—Ç—Ñ–æ—Ä–º—ã –¥–ª—è –æ–Ω–ª–∞–π–Ω –∑–∞–∫–∞–∑–æ–≤. –£–≤–µ–ª–∏—á—å—Ç–µ —Å–≤–æ—é –≤–∏–¥–∏–º–æ—Å—Ç—å –∏ —É–ª—É—á—à–∏—Ç–µ –æ–±—Å–ª—É–∂–∏–≤–∞–Ω–∏–µ —Å –Ω–∞—à–∏–º –∏–Ω–Ω–æ–≤–∞—Ü–∏–æ–Ω–Ω—ã–º —Å–µ—Ä–≤–∏—Å–æ–º. –ù–µ —É–ø—É—Å—Ç–∏—Ç–µ –≤–æ–∑–º–æ–∂–Ω–æ—Å—Ç—å —Å—Ç–∞—Ç—å –ª–∏–¥–µ—Ä–æ–º –≤ —Å—Ñ–µ—Ä–µ —Ä–µ—Å—Ç–æ—Ä–∞–Ω–Ω–æ–≥–æ –±–∏–∑–Ω–µ—Å–∞! üöÄ #—ç–ª–µ–∫—Ç—Ä–æ–Ω–Ω–∞—è–∫–æ–º–º–µ—Ä—Ü–∏—è #—Ä–µ—Å—Ç–æ—Ä–∞–Ω—ã #–ü–∞—Ä–∏–∂ #–æ–Ω–ª–∞–π–Ω–∑–∞–∫–∞–∑—ã,120,177,297
"–†–µ—Å—Ç–æ—Ä–∞–Ω—ã, –ü–∞—Ä–∏–∂, –±–æ–ª—å—à–∏–µ","""–£–≤–µ–ª–∏—á—å—Ç–µ –ø—Ä–∏–±—ã–ª—å —Å–≤–æ–µ–≥–æ —Ä–µ—Å—Ç–æ—Ä–∞–Ω–∞ —Å –ø–æ–º–æ—â—å—é –Ω–∞—à–µ–≥–æ –Ω–æ–≤–æ–≥–æ —Å–µ—Ä–≤–∏—Å–∞ —ç–ª–µ–∫—Ç—Ä–æ–Ω–Ω–æ–π –∫–æ–º–º–µ—Ä—Ü–∏–∏! –£–ø—Ä–∞–≤–ª—è–π—Ç–µ –∑–∞–∫–∞–∑–∞–º–∏ –æ–Ω–ª–∞–π–Ω, –ø—Ä–∏–≤–ª–µ–∫–∞–π—Ç–µ –Ω–æ–≤—ã—Ö –∫–ª–∏–µ–Ω—Ç–æ–≤ –∏ –ø–æ–≤—ã—à–∞–π—Ç–µ –ª–æ—è–ª—å–Ω–æ—Å—Ç—å —Å—É—â–µ—Å—Ç–≤—É—é—â–∏—Ö. –û–ø—Ç–∏–º–∏–∑–∏—Ä—É–π—Ç–µ –ø—Ä–æ—Ü–µ—Å—Å—ã –∏ —É–≤–µ–ª–∏—á–∏–≤–∞–π—Ç–µ —ç—Ñ—Ñ–µ–∫—Ç–∏–≤–Ω–æ—Å—Ç—å –≤–∞—à–µ–≥–æ –±–∏–∑–Ω–µ—Å–∞ –≤–º–µ—Å—Ç–µ —Å –Ω–∞–º–∏. –ó–∞—Ä–µ–≥–∏—Å—Ç—Ä–∏—Ä—É–π—Ç–µ—Å—å —Å–µ–π—á–∞—Å –∏ –Ω–∞—á–Ω–∏—Ç–µ –∑–∞—Ä–∞–±–∞—Ç—ã–≤–∞—Ç—å –±–æ–ª—å—à–µ!""",119,147,266
"–†–µ—Å—Ç–æ—Ä–∞–Ω—ã, –ë–µ—Ä–ª–∏–Ω, –º–∞–ª–µ–Ω—å–∫–∏–µ","üåü –ù–æ–≤—ã–π —Å–µ—Ä–≤–∏—Å —ç–ª–µ–∫—Ç—Ä–æ–Ω–Ω–æ–π –∫–æ–º–º–µ—Ä—Ü–∏–∏ –¥–ª—è —Ä–µ—Å—Ç–æ—Ä–∞–Ω–æ–≤ –≤ –ë–µ—Ä–ª–∏–Ω–µ! üåü –£–≤–µ–ª–∏—á—å—Ç–µ —Å–≤–æ–∏ –ø—Ä–æ–¥–∞–∂–∏ –∏ –ø—Ä–∏–≤–ª–µ–∫–∞–π—Ç–µ –Ω–æ–≤—ã—Ö –∫–ª–∏–µ–Ω—Ç–æ–≤ —Å –ø–æ–º–æ—â—å—é —É–¥–æ–±–Ω–æ–≥–æ –æ–Ω–ª–∞–π–Ω-–º–∞–≥–∞–∑–∏–Ω–∞. –ù–∞—à —Å–µ—Ä–≤–∏—Å —Å–ø–µ—Ü–∏–∞–ª—å–Ω–æ —Ä–∞–∑—Ä–∞–±–æ—Ç–∞–Ω –¥–ª—è –º–∞–ª–µ–Ω—å–∫–∏—Ö —Ä–µ—Å—Ç–æ—Ä–∞–Ω–æ–≤, —á—Ç–æ–±—ã –ø–æ–º–æ—á—å –≤–∞–º —É–≤–µ–ª–∏—á–∏—Ç—å –≤–∞—à—É –≤–∏–¥–∏–º–æ—Å—Ç—å –∏ —É–ø—Ä–æ—Å—Ç–∏—Ç—å –ø—Ä–æ—Ü–µ—Å—Å –∑–∞–∫–∞–∑–∞. –ù–µ —É–ø—É—Å—Ç–∏—Ç–µ —à–∞–Ω—Å –Ω–∞ —É—Å–ø–µ—Ö - –Ω–∞—á–Ω–∏—Ç–µ –∏—Å–ø–æ–ª—å–∑–æ–≤–∞—Ç—å –Ω–∞—à —Å–µ—Ä–≤–∏—Å –ø—Ä—è–º–æ —Å–µ–π—á–∞—Å! üíºüçΩÔ∏è #—ç–ª–µ–∫—Ç—Ä–æ–Ω–Ω–∞—è–∫–æ–º–º–µ—Ä—Ü–∏—è #—Ä–µ—Å—Ç–æ—Ä–∞–Ω—ã #–ë–µ—Ä–ª–∏–Ω #—É–≤–µ–ª–∏—á—å—Ç–µ–ø—Ä–æ–¥–∞–∂–∏",121,200,321
"–†–µ—Å—Ç–æ—Ä–∞–Ω—ã, –ë–µ—Ä–ª–∏–Ω, —Å—Ä–µ–¥–Ω–∏–µ","üåü –ù–æ–≤—ã–π —Å–µ—Ä–≤–∏—Å —ç–ª–µ–∫—Ç—Ä–æ–Ω–Ω–æ–π –∫–æ–º–º–µ—Ä—Ü–∏–∏ –¥–ª—è —Ä–µ—Å—Ç–æ—Ä–∞–Ω–æ–≤ –≤ –ë–µ—Ä–ª–∏–Ω–µ! –£–≤–µ–ª–∏—á—å—Ç–µ –ø—Ä–æ–¥–∞–∂–∏, –ø—Ä–∏–≤–ª–µ–∫–∞–π—Ç–µ –Ω–æ–≤—ã—Ö –∫–ª–∏–µ–Ω—Ç–æ–≤ –∏ —É–ª—É—á—à–∞–π—Ç–µ —Å–µ—Ä–≤–∏—Å —Å –Ω–∞—à–∏–º –∏–Ω–Ω–æ–≤–∞—Ü–∏–æ–Ω–Ω—ã–º —Ä–µ—à–µ–Ω–∏–µ–º. –£–Ω–∏–∫–∞–ª—å–Ω—ã–µ –≤–æ–∑–º–æ–∂–Ω–æ—Å—Ç–∏ –¥–ª—è —Å—Ä–µ–¥–Ω–∏—Ö –º–∞–≥–∞–∑–∏–Ω–æ–≤, —á—Ç–æ–±—ã —Å—Ç–∞—Ç—å –ª–∏–¥–µ—Ä–æ–º –≤ –∏–Ω–¥—É—Å—Ç—Ä–∏–∏. –ù–µ —É–ø—É—Å—Ç–∏—Ç–µ —à–∞–Ω—Å —Å—Ç–∞—Ç—å –ª—É—á—à–∏–º–∏ —Å –Ω–∞–º–∏! üçΩÔ∏èüöÄ #—ç–ª–µ–∫—Ç—Ä–æ–Ω–Ω–∞—è–∫–æ–º–º–µ—Ä—Ü–∏—è #—Ä–µ—Å—Ç–æ—Ä–∞–Ω—ã #–ë–µ—Ä–ª–∏–Ω #—Å—Ä–µ–¥–Ω–∏–µ–º–∞–≥–∞–∑–∏–Ω—ã",120,166,286
"–†–µ—Å—Ç–æ—Ä–∞–Ω—ã, –ë–µ—Ä–ª–∏–Ω, –±–æ–ª—å—à–∏–µ","""–£–≤–∞–∂–∞–µ–º—ã–µ —Ä–µ—Å—Ç–æ—Ä–∞–Ω—ã –≤ –ë–µ—Ä–ª–∏–Ω–µ! –ü—Ä–µ–¥—Å—Ç–∞–≤–ª—è–µ–º –≤–∞–º –Ω–æ–≤—ã–π —Å–µ—Ä–≤–∏—Å —ç–ª–µ–∫—Ç—Ä–æ–Ω–Ω–æ–π –∫–æ–º–º–µ—Ä—Ü–∏–∏, –∫–æ—Ç–æ—Ä—ã–π –ø–æ–º–æ–∂–µ—Ç –≤–∞–º —É–≤–µ–ª–∏—á–∏—Ç—å –ø—Ä–æ–¥–∞–∂–∏ –∏ –ø—Ä–∏–≤–ª–µ—á—å –Ω–æ–≤—ã—Ö –∫–ª–∏–µ–Ω—Ç–æ–≤. –ù–∞—à–∞ –ø–ª–∞—Ç—Ñ–æ—Ä–º–∞ –ø—Ä–µ–¥–ª–∞–≥–∞–µ—Ç —É–¥–æ–±–Ω—ã–µ –∏–Ω—Å—Ç—Ä—É–º–µ–Ω—Ç—ã –¥–ª—è –æ–Ω–ª–∞–π–Ω –∑–∞–∫–∞–∑–æ–≤, —É–ø—Ä–∞–≤–ª–µ–Ω–∏—è –º–µ–Ω—é –∏ –∞–∫—Ü–∏—è–º–∏. –ù–µ —É–ø—É—Å—Ç–∏—Ç–µ —à–∞–Ω—Å —É–ª—É—á—à–∏—Ç—å —Å–≤–æ–π –±–∏–∑–Ω–µ—Å —Å –ø–æ–º–æ—â—å—é –Ω–∞—à–µ–≥–æ —Å–µ—Ä–≤–∏—Å–∞! –°–≤—è–∂–∏—Ç–µ—Å—å —Å –Ω–∞–º–∏ —Å–µ–≥–æ–¥–Ω—è, —á—Ç–æ–±—ã —É–∑–Ω–∞—Ç—å –±–æ–ª—å—à–µ.""",119,156,275
"–§–∞—Å—Ç—Ñ—É–¥—ã, –ë—Ä—é—Å—Å–µ–ª—å, –º–∞–ª–µ–Ω—å–∫–∏–µ",üåü –ù–æ–≤—ã–π —Å–µ—Ä–≤–∏—Å —ç–ª–µ–∫—Ç—Ä–æ–Ω–Ω–æ–π –∫–æ–º–º–µ—Ä—Ü–∏–∏ –¥–ª—è –º–∞–≥–∞–∑–∏–Ω–æ–≤ —Ç–µ–ø–µ—Ä—å –¥–æ—Å—Ç—É–ø–µ–Ω –≤ –ë—Ä—é—Å—Å–µ–ª–µ! –£–≤–µ–ª–∏—á—å—Ç–µ —Å–≤–æ–∏ –ø—Ä–æ–¥–∞–∂–∏ –∏ –ø—Ä–∏–≤–ª–µ–∫–∞–π—Ç–µ –±–æ–ª—å—à–µ –∫–ª–∏–µ–Ω—Ç–æ–≤ —Å –ø–æ–º–æ—â—å—é —É–¥–æ–±–Ω–æ–≥–æ –æ–Ω–ª–∞–π–Ω-–º–∞–≥–∞–∑–∏–Ω–∞. –ò–¥–µ–∞–ª—å–Ω–æ –ø–æ–¥—Ö–æ–¥–∏—Ç –¥–ª—è –º–∞–ª–µ–Ω—å–∫–∏—Ö —Ñ–∞—Å—Ç—Ñ—É–¥–æ–≤! üçîüçü –ù–µ —É–ø—É—Å—Ç–∏—Ç–µ –≤–æ–∑–º–æ–∂–Ω–æ—Å—Ç—å —É–ª—É—á—à–∏—Ç—å —Å–≤–æ–π –±–∏–∑–Ω–µ—Å —É–∂–µ —Å–µ–≥–æ–¥–Ω—è! #—ç–ª–µ–∫—Ç—Ä–æ–Ω–Ω–∞—è–∫–æ–º–º–µ—Ä—Ü–∏—è #–æ–Ω–ª–∞–π–Ω–º–∞–≥–∞–∑–∏–Ω #—Ñ–∞—Å—Ç—Ñ—É–¥ #–ë—Ä—é—Å—Å–µ–ª—å üöÄüíª,123,168,291
"–§–∞—Å—Ç—Ñ—É–¥—ã, –ë—Ä—é—Å—Å–µ–ª—å, —Å—Ä–µ–¥–Ω–∏–µ","üåü –ù–æ–≤—ã–π —Å–µ—Ä–≤–∏—Å —ç–ª–µ–∫—Ç—Ä–æ–Ω–Ω–æ–π –∫–æ–º–º–µ—Ä—Ü–∏–∏ - –∏–¥–µ–∞–ª—å–Ω–æ–µ —Ä–µ—à–µ–Ω–∏–µ –¥–ª—è –≤–∞—à–µ–≥–æ —Ñ–∞—Å—Ç—Ñ—É–¥ –º–∞–≥–∞–∑–∏–Ω–∞ –≤ –ë—Ä—é—Å—Å–µ–ª–µ! –£–≤–µ–ª–∏—á—å—Ç–µ –≤–∞—à—É –æ–Ω–ª–∞–π–Ω –≤–∏–¥–∏–º–æ—Å—Ç—å, –ø—Ä–∏–≤–ª–µ–∫–∞–π—Ç–µ –±–æ–ª—å—à–µ –∫–ª–∏–µ–Ω—Ç–æ–≤ –∏ —É–≤–µ–ª–∏—á–∏–≤–∞–π—Ç–µ –ø—Ä–æ–¥–∞–∂–∏ —Å –ø–æ–º–æ—â—å—é –Ω–∞—à–µ–≥–æ —É–¥–æ–±–Ω–æ–≥–æ –∏ —ç—Ñ—Ñ–µ–∫—Ç–∏–≤–Ω–æ–≥–æ —Å–µ—Ä–≤–∏—Å–∞. –ù–µ —É–ø—É—Å—Ç–∏—Ç–µ –≤–æ–∑–º–æ–∂–Ω–æ—Å—Ç—å —Å—Ç–∞—Ç—å –ª–∏–¥–µ—Ä–æ–º –≤ —Å—Ñ–µ—Ä–µ —ç–ª–µ–∫—Ç—Ä–æ–Ω–Ω–æ–π —Ç–æ—Ä–≥–æ–≤–ª–∏ - –Ω–∞—á–Ω–∏—Ç–µ –∏—Å–ø–æ–ª—å–∑–æ–≤–∞—Ç—å –Ω–∞—à —Å–µ—Ä–≤–∏—Å —É–∂–µ —Å–µ–≥–æ–¥–Ω—è! üöÄ #—ç–ª–µ–∫—Ç—Ä–æ–Ω–Ω–∞—è–∫–æ–º–º–µ—Ä—Ü–∏—è #—Ñ–∞—Å—Ç—Ñ—É–¥ #–ë—Ä—é—Å—Å–µ–ª—å #–Ω–æ–≤–∏–Ω–∫–∞ #—É–≤–µ–ª–∏—á—å—Ç–µ–ø—Ä–æ–¥–∞–∂–∏",122,196,318
"–§–∞—Å—Ç—Ñ—É–¥—ã, –ë—Ä—é—Å—Å–µ–ª—å, –±–æ–ª—å—à–∏–µ","üåü –ù–æ–≤—ã–π —Å–µ—Ä–≤–∏—Å —ç–ª–µ–∫—Ç—Ä–æ–Ω–Ω–æ–π –∫–æ–º–º–µ—Ä—Ü–∏–∏ –¥–ª—è —Ñ–∞—Å—Ç—Ñ—É–¥–æ–≤ –≤ –ë—Ä—é—Å—Å–µ–ª–µ! –£–≤–µ–ª–∏—á—å—Ç–µ –ø—Ä–∏–±—ã–ª—å –∏ —É–¥–æ–≤–ª–µ—Ç–≤–æ—Ä–µ–Ω–∏–µ –∫–ª–∏–µ–Ω—Ç–æ–≤ —Å –Ω–∞—à–∏–º –∏–Ω–Ω–æ–≤–∞—Ü–∏–æ–Ω–Ω—ã–º —Ä–µ—à–µ–Ω–∏–µ–º. –£–ø—Ä–∞–≤–ª—è–π—Ç–µ –∑–∞–∫–∞–∑–∞–º–∏, –æ—Ä–≥–∞–Ω–∏–∑—É–π—Ç–µ –¥–æ—Å—Ç–∞–≤–∫—É –∏ –ø–æ–≤—ã—Å—å—Ç–µ —ç—Ñ—Ñ–µ–∫—Ç–∏–≤–Ω–æ—Å—Ç—å –≤–∞—à–µ–≥–æ –±–∏–∑–Ω–µ—Å–∞. –°–≤—è–∂–∏—Ç–µ—Å—å —Å –Ω–∞–º–∏ —Å–µ–≥–æ–¥–Ω—è, —á—Ç–æ–±—ã —É–∑–Ω–∞—Ç—å –±–æ–ª—å—à–µ! üçîüöÄ #—ç–ª–µ–∫—Ç—Ä–æ–Ω–Ω–∞—è–∫–æ–º–º–µ—Ä—Ü–∏—è #—Ñ–∞—Å—Ç—Ñ—É–¥ #Brussels #–º–∞—Ä–∫–µ—Ç–∏–Ω–≥ #–¥–∏—Ä–µ–∫—Ç–º–∞—Ä–∫–µ—Ç–∏–Ω–≥",121,170,291
"–§–∞—Å—Ç—Ñ—É–¥—ã, –ü–∞—Ä–∏–∂, –º–∞–ª–µ–Ω—å–∫–∏–µ","üåü –í–Ω–∏–º–∞–Ω–∏–µ, –º–∞–≥–∞–∑–∏–Ω—ã —Ñ–∞—Å—Ç—Ñ—É–¥–æ–≤ –ü–∞—Ä–∏–∂–∞! üåü

–•–æ—Ç–∏—Ç–µ —É–≤–µ–ª–∏—á–∏—Ç—å —Å–≤–æ–∏ –ø—Ä–æ–¥–∞–∂–∏ –∏ –ø—Ä–∏–≤–ª–µ—á—å –±–æ–ª—å—à–µ –∫–ª–∏–µ–Ω—Ç–æ–≤? –ú—ã –ø—Ä–µ–¥—Å—Ç–∞–≤–ª—è–µ–º –≤–∞–º –Ω–æ–≤—ã–π —Å–µ—Ä–≤–∏—Å —ç–ª–µ–∫—Ç—Ä–æ–Ω–Ω–æ–π –∫–æ–º–º–µ—Ä—Ü–∏–∏, –∫–æ—Ç–æ—Ä—ã–π –ø–æ–º–æ–∂–µ—Ç –≤–∞–º –≤—ã–π—Ç–∏ –Ω–∞ –Ω–æ–≤—ã–π —É—Ä–æ–≤–µ–Ω—å!

–° –Ω–∞—à–∏–º —Å–µ—Ä–≤–∏—Å–æ–º –≤—ã —Å–º–æ–∂–µ—Ç–µ –ø—Ä–∏–Ω–∏–º–∞—Ç—å –æ–Ω–ª–∞–π–Ω –∑–∞–∫–∞–∑—ã, —É–¥–æ–±–Ω–æ —É–ø—Ä–∞–≤–ª—è—Ç—å –º–µ–Ω—é, –æ—Ç—Å–ª–µ–∂–∏–≤–∞—Ç—å –ø—Ä–æ–¥–∞–∂–∏ –∏ –º–Ω–æ–≥–æ–µ –¥—Ä—É–≥–æ–µ, –≤—Å–µ —ç—Ç–æ –ª–µ–≥–∫–æ –∏ –±—ã—Å—Ç—Ä–æ!

–ù–µ —É–ø—É—Å—Ç–∏—Ç–µ —à–∞–Ω—Å –±—ã—Ç—å –≤ —à–∞–≥–µ –≤–ø–µ—Ä–µ–¥–∏ —Å–≤–æ–∏—Ö –∫–æ–Ω–∫—É—Ä–µ–Ω—Ç–æ–≤. –ü—Ä–∏—Å–æ–µ–¥–∏–Ω—è–π—Ç–µ—Å—å –∫ –Ω–∞–º –ø—Ä—è–º–æ —Å–µ–π—á–∞—Å –∏ —Å—Ç–∞–Ω—å—Ç–µ –ª–∏–¥–µ—Ä–æ–º –≤ –º–∏—Ä–µ —Ñ–∞—Å—Ç—Ñ—É–¥–æ–≤!

–î–ª—è –ø–æ–ª—É—á–µ–Ω–∏—è –±–µ—Å–ø–ª–∞—Ç–Ω–æ–π –∫–æ–Ω—Å—É–ª—å—Ç–∞—Ü–∏–∏ –∏ –¥–µ–º–æ–Ω—Å—Ç—Ä–∞—Ü–∏–∏ —Å–µ—Ä–≤–∏—Å–∞ –ø–∏—à–∏—Ç–µ –Ω–∞–º –ø—Ä—è–º–æ —Å–µ–π—á–∞—Å. üöÄ

#–≠–ª–µ–∫—Ç—Ä–æ–Ω–Ω–∞—è–ö–æ–º–º–µ—Ä—Ü–∏—è #–§–∞—Å—Ç—Ñ—É–¥ #–ü–∞—Ä–∏–∂ #–ü—Ä–æ–¥–∞–∂–∏ #–ú–∞—Ä–∫–µ—Ç–∏–Ω–≥",121,295,416
"–§–∞—Å—Ç—Ñ—É–¥—ã, –ü–∞—Ä–∏–∂, —Å—Ä–µ–¥–Ω–∏–µ","üåü –ù–æ–≤—ã–π —Å–µ—Ä–≤–∏—Å —ç–ª–µ–∫—Ç—Ä–æ–Ω–Ω–æ–π –∫–æ–º–º–µ—Ä—Ü–∏–∏ –¥–ª—è –º–∞–≥–∞–∑–∏–Ω–æ–≤ —Ç–µ–ø–µ—Ä—å –¥–æ—Å—Ç—É–ø–µ–Ω –∏ –≤ –ü–∞—Ä–∏–∂–µ! –£–≤–µ–ª–∏—á—å—Ç–µ —Å–≤–æ–∏ –ø—Ä–æ–¥–∞–∂–∏ –∏ –ø—Ä–∏–≤–ª–µ–∫–∞–π—Ç–µ –±–æ–ª—å—à–µ –∫–ª–∏–µ–Ω—Ç–æ–≤ —Å –ø–æ–º–æ—â—å—é —É–¥–æ–±–Ω–æ–π –æ–Ω–ª–∞–π–Ω-–ø–ª–∞—Ç—Ñ–æ—Ä–º—ã. –ë—ã—Å—Ç—Ä–æ–µ –æ—Ñ–æ—Ä–º–ª–µ–Ω–∏–µ –∑–∞–∫–∞–∑–æ–≤, —É–¥–æ–±–Ω–∞—è –æ–ø–ª–∞—Ç–∞ –∏ –¥–æ—Å—Ç–∞–≤–∫–∞ - –≤—Å–µ –¥–ª—è –≤–∞—à–µ–≥–æ —É—Å–ø–µ—Ö–∞ –≤ —Å–µ–∫—Ç–æ—Ä–µ —Ñ–∞—Å—Ç—Ñ—É–¥–æ–≤. –ù–µ —É–ø—É—Å—Ç–∏—Ç–µ —à–∞–Ω—Å —Å—Ç–∞—Ç—å –ª–∏–¥–µ—Ä–æ–º –≤ —Å–≤–æ–µ–π –æ–±–ª–∞—Å—Ç–∏ —Å –Ω–∞—à–∏–º –∏–Ω–Ω–æ–≤–∞—Ü–∏–æ–Ω–Ω—ã–º —Å–µ—Ä–≤–∏—Å–æ–º! üíºüöÄ #—ç–ª–µ–∫—Ç—Ä–æ–Ω–Ω–∞—è–∫–æ–º–º–µ—Ä—Ü–∏—è #–ø–∞—Ä–∏–∂ #—Ñ–∞—Å—Ç—Ñ—É–¥ #–æ–Ω–ª–∞–π–Ω–ø—Ä–æ–¥–∞–∂–∏",120,192,312
"–§–∞—Å—Ç—Ñ—É–¥—ã, –ü–∞—Ä–∏–∂, –±–æ–ª—å—à–∏–µ","""–£–≤–∞–∂–∞–µ–º—ã–µ –≤–ª–∞–¥–µ–ª—å—Ü—ã —Ñ–∞—Å—Ç—Ñ—É–¥–æ–≤ –≤ –ü–∞—Ä–∏–∂–µ! –ü—Ä–µ–¥—Å—Ç–∞–≤–ª—è–µ–º –≤–∞–º –Ω–æ–≤—ã–π —Å–µ—Ä–≤–∏—Å —ç–ª–µ–∫—Ç—Ä–æ–Ω–Ω–æ–π –∫–æ–º–º–µ—Ä—Ü–∏–∏, –∫–æ—Ç–æ—Ä—ã–π –ø–æ–º–æ–∂–µ—Ç –≤–∞–º —É–≤–µ–ª–∏—á–∏—Ç—å –ø—Ä–æ–¥–∞–∂–∏ –∏ –ø—Ä–∏–≤–ª–µ—á—å –Ω–æ–≤—ã—Ö –∫–ª–∏–µ–Ω—Ç–æ–≤. –° –Ω–∞—à–∏–º —Ä–µ—à–µ–Ω–∏–µ–º –≤—ã —Å–º–æ–∂–µ—Ç–µ —É–¥–æ–±–Ω–æ –ø—Ä–∏–Ω–∏–º–∞—Ç—å –∑–∞–∫–∞–∑—ã –æ–Ω–ª–∞–π–Ω, –æ—Ä–≥–∞–Ω–∏–∑–æ–≤—ã–≤–∞—Ç—å –¥–æ—Å—Ç–∞–≤–∫—É –∏ —É–ø—Ä–∞–≤–ª—è—Ç—å –≤–∞—à–∏–º –±–∏–∑–Ω–µ—Å–æ–º —Å –ª—é–±–æ–≥–æ —É—Å—Ç—Ä–æ–π—Å—Ç–≤–∞. –ù–µ —É–ø—É—Å—Ç–∏—Ç–µ –≤–æ–∑–º–æ–∂–Ω–æ—Å—Ç—å —Å—Ç–∞—Ç—å –ª–∏–¥–µ—Ä–æ–º –≤ –∏–Ω–¥—É—Å—Ç—Ä–∏–∏ —Ñ–∞—Å—Ç—Ñ—É–¥–∞ —Å –ø–æ–º–æ—â—å—é –Ω–∞—à–µ–≥–æ –∏–Ω–Ω–æ–≤–∞—Ü–∏–æ–Ω–Ω–æ–≥–æ —Å–µ—Ä–≤–∏—Å–∞! –°–≤—è–∂–∏—Ç–µ—Å—å —Å –Ω–∞–º–∏ —Å–µ–≥–æ–¥–Ω—è, —á—Ç–æ–±—ã —É–∑–Ω–∞—Ç—å –±–æ–ª—å—à–µ.""",119,192,311
"–§–∞—Å—Ç—Ñ—É–¥—ã, –ë–µ—Ä–ª–∏–Ω, –º–∞–ª–µ–Ω—å–∫–∏–µ","""–£–≤–µ–ª–∏—á—å—Ç–µ –ø—Ä–æ–¥–∞–∂–∏ —Å–≤–æ–µ–≥–æ —Ñ–∞—Å—Ç—Ñ—É–¥–∞ —Å –ø–æ–º–æ—â—å—é –Ω–æ–≤–æ–≥–æ —Å–µ—Ä–≤–∏—Å–∞ —ç–ª–µ–∫—Ç—Ä–æ–Ω–Ω–æ–π –∫–æ–º–º–µ—Ä—Ü–∏–∏! –ü—Ä–∏–Ω–∏–º–∞–π—Ç–µ –∑–∞–∫–∞–∑—ã –æ–Ω–ª–∞–π–Ω, —É–ø—Ä–∞–≤–ª—è–π—Ç–µ –º–µ–Ω—é –∏ –∞–∫—Ü–∏—è–º–∏, –ø—Ä–∏–≤–ª–µ–∫–∞–π—Ç–µ –Ω–æ–≤—ã—Ö –∫–ª–∏–µ–Ω—Ç–æ–≤. –£–¥–æ–±–Ω–æ, –±—ã—Å—Ç—Ä–æ, —ç—Ñ—Ñ–µ–∫—Ç–∏–≤–Ω–æ. –ü–æ–ø—Ä–æ–±—É–π—Ç–µ —É–∂–µ —Å–µ–≥–æ–¥–Ω—è!""",121,102,223
"–§–∞—Å—Ç—Ñ—É–¥—ã, –ë–µ—Ä–ª–∏–Ω, —Å—Ä–µ–¥–Ω–∏–µ","""–£–≤–µ–ª–∏—á—å—Ç–µ –ø—Ä–∏–±—ã–ª—å —Å–≤–æ–µ–≥–æ —Ñ–∞—Å—Ç—Ñ—É–¥-–º–∞–≥–∞–∑–∏–Ω–∞ –≤ –ë–µ—Ä–ª–∏–Ω–µ —Å –ø–æ–º–æ—â—å—é –Ω–∞—à–µ–≥–æ –Ω–æ–≤–æ–≥–æ —Å–µ—Ä–≤–∏—Å–∞ —ç–ª–µ–∫—Ç—Ä–æ–Ω–Ω–æ–π –∫–æ–º–º–µ—Ä—Ü–∏–∏! –£–¥–æ–±–Ω–æ–µ –æ—Ñ–æ—Ä–º–ª–µ–Ω–∏–µ –∑–∞–∫–∞–∑–æ–≤ –æ–Ω–ª–∞–π–Ω, –±—ã—Å—Ç—Ä–∞—è –¥–æ—Å—Ç–∞–≤–∫–∞ –∏ —É–¥–∏–≤–∏—Ç–µ–ª—å–Ω—ã–π –≤—ã–±–æ—Ä –±–ª—é–¥ - –≤—Å–µ —ç—Ç–æ –¥–æ—Å—Ç—É–ø–Ω–æ –ø—Ä—è–º–æ —Å–µ–π—á–∞—Å. –ù–µ —É–ø—É—Å—Ç–∏—Ç–µ –≤–æ–∑–º–æ–∂–Ω–æ—Å—Ç—å —É–≤–µ–ª–∏—á–∏—Ç—å —Å–≤–æ—é –∫–ª–∏–µ–Ω—Ç—Å–∫—É—é –±–∞–∑—É –∏ —É–ª—É—á—à–∏—Ç—å —Å–µ—Ä–≤–∏—Å –¥–ª—è —Å–≤–æ–∏—Ö –ø–æ—Å—Ç–æ—è–Ω–Ω—ã—Ö –ø–æ–∫—É–ø–∞—Ç–µ–ª–µ–π. –°–≤—è–∂–∏—Ç–µ—Å—å —Å –Ω–∞–º–∏ —Å–µ–≥–æ–¥–Ω—è, —á—Ç–æ–±—ã —É–∑–Ω–∞—Ç—å –±–æ–ª—å—à–µ!""",120,167,287
"–§–∞—Å—Ç—Ñ—É–¥—ã, –ë–µ—Ä–ª–∏–Ω, –±–æ–ª—å—à–∏–µ","üöÄ –í–Ω–∏–º–∞–Ω–∏–µ —Ñ–∞—Å—Ç—Ñ—É–¥—ã –ë–µ—Ä–ª–∏–Ω–∞! –£ –≤–∞—Å –µ—Å—Ç—å —É–Ω–∏–∫–∞–ª—å–Ω–∞—è –≤–æ–∑–º–æ–∂–Ω–æ—Å—Ç—å —É–≤–µ–ª–∏—á–∏—Ç—å –ø—Ä–∏–±—ã–ª—å –∏ —É–ª—É—á—à–∏—Ç—å —Å–µ—Ä–≤–∏—Å –¥–ª—è –≤–∞—à–∏—Ö –∫–ª–∏–µ–Ω—Ç–æ–≤ —Å –ø–æ–º–æ—â—å—é –Ω–∞—à–µ–≥–æ –Ω–æ–≤–æ–≥–æ —Å–µ—Ä–≤–∏—Å–∞ —ç–ª–µ–∫—Ç—Ä–æ–Ω–Ω–æ–π –∫–æ–º–º–µ—Ä—Ü–∏–∏! –£–ø—Ä–∞–≤–ª—è–π—Ç–µ –∑–∞–∫–∞–∑–∞–º–∏, —É–ª—É—á—à–∞–π—Ç–µ —ç—Ñ—Ñ–µ–∫—Ç–∏–≤–Ω–æ—Å—Ç—å –∏ –æ–±–µ—Å–ø–µ—á–∏–≤–∞–π—Ç–µ –±—ã—Å—Ç—Ä—É—é –¥–æ—Å—Ç–∞–≤–∫—É, —á—Ç–æ–±—ã —É–¥–æ–≤–ª–µ—Ç–≤–æ—Ä–∏—Ç—å –≤—Å–µ –ø–æ—Ç—Ä–µ–±–Ω–æ—Å—Ç–∏ –≤–∞—à–µ–≥–æ –±–æ–ª—å—à–æ–≥–æ –º–∞–≥–∞–∑–∏–Ω–∞. –ù–µ —É–ø—É—Å—Ç–∏—Ç–µ —à–∞–Ω—Å —Å—Ç–∞—Ç—å –ª–∏–¥–µ—Ä–æ–º –≤ –∏–Ω–¥—É—Å—Ç—Ä–∏–∏ - –ø—Ä–∏—Å–æ–µ–¥–∏–Ω—è–π—Ç–µ—Å—å –∫ –Ω–∞–º –ø—Ä—è–º–æ —Å–µ–π—á–∞—Å! üçîüöö #—ç–ª–µ–∫—Ç—Ä–æ–Ω–Ω–∞—è–∫–æ–º–º–µ—Ä—Ü–∏—è #—Ñ–∞—Å—Ç—Ñ—É–¥ #–ë–µ—Ä–ª–∏–Ω #–Ω–æ–≤—ã–π—Å–µ—Ä–≤–∏—Å",119,214,333
